65124000
64821000
64737000
64639000
64468000
64300000
63697000
63697000
63375000
63070000
62765000
62616000
62301000
61965000
61598000
61182000
60734000
60304000
59894000
59477000
59049000
58661000
58398000
58207000
58026000
57844000
57659000
57467000
57240000
56976000
56709000
56423000
56118000
55824000
55577000
55284000
55026000
54772000
54492000
54182000
53880000
53606000
53376000
53145000
52909000
52699000
52460000
52118000
51701000
51251000
50772000
50318000
49915000
49548000
49164000
48758000
48310000
47816000
46998000
46163000
45684000
45240000
44789000
44311000
43843000
43428000
43057000
42752000
42460000
42156000
41829000
41480000
41112000
40679000
40287000
